Was:
Cc1ccc(S2(=O)=NC(=O)Nc3ccccc32)cc1

Encoded:
[[-1.58233898e-01  1.15228284e+00 -2.15745880e-01  1.07891234e+00
  -5.94790718e-01 -9.86907367e-01  2.49631087e-01 -2.85632975e-01
  -3.57788309e-01 -1.12474887e-01  8.86231243e-01 -1.95608139e-01
  -7.30724643e-01  1.29860901e-01 -3.39694050e-04 -1.86224380e-01
  -6.29000133e-02 -3.03371575e-01  8.33768049e-01 -5.25151865e-02
  -1.56718904e+00  3.30815470e-01  3.26038592e-01 -3.95515416e-01
   3.60863099e-01  4.54606780e-01  2.75431284e-02 -4.22649028e-01
  -2.45424142e-01  2.49444181e-01 -5.02203010e-01  4.47064564e-01
   1.35019181e+00 -4.43992330e-01 -8.76775829e-01  2.29369481e-01
  -6.10284523e-01  7.43902791e-01  4.66435398e-01 -2.15469460e-01
   1.04653788e+00  9.78589505e-01 -1.74085778e-01  1.89209602e+00
   1.92536883e-01  9.17963930e-02 -4.24143568e-01  3.96055937e-01
   1.31144247e+00  1.62895799e-01 -9.42569938e-01  4.43488066e-01
   4.23439049e-01 -3.48679555e-01  1.22780043e+00  3.90937813e-01
  -1.19381817e-01  1.04927294e+00 -3.66766523e-01  3.48778634e-02
   9.45412180e-01 -6.73075793e-01 -8.14046672e-02 -1.71297570e+00
  -3.16436927e-02  1.72067698e-01 -7.97870704e-01 -2.70056365e-01
  -1.72264969e+00 -9.45701450e-02  1.14012175e+00  2.24748710e-01
  -3.75167848e-01  2.97343875e-01 -1.29424390e-01  3.53620476e-01
   8.69695473e-01  7.19232151e-01 -7.12069194e-01 -5.90499620e-01
   8.94020009e-01  4.11248710e-02 -6.97108733e-01 -1.87616840e-01
   3.55816104e-01  1.38208741e+00 -3.86289557e-01  1.74370279e-01
   2.37424879e-02 -1.30326656e+00 -8.22182072e-02  1.42704864e+00
  -5.40829560e-01 -7.77464863e-01  6.11672045e-01 -1.01660275e+00
  -6.88296350e-02 -3.84083017e-02 -2.46869532e-01  5.78294019e-01
  -3.76926571e-01  3.34605756e-01  5.20281923e-01  1.61883553e-01
  -2.01810743e-01 -5.48502126e-01  2.84728741e-01 -5.59303283e-01
   1.32921446e+00  1.35617716e+00  6.19638832e-01 -2.78040906e-01
   5.27858626e-01 -1.52507922e-01 -1.55669658e-01 -2.53125488e-01
   2.60264286e-01 -8.14062960e-01 -9.99745768e-01  1.48715035e+00
   4.09107206e-01  1.18639989e+00  1.26756587e+00  9.87648711e-01
   1.05224948e+00  6.68089559e-01 -7.56177001e-01  1.45117078e+00
   1.38744877e+00  4.88006531e-01  1.20640265e+00 -1.89729813e+00
  -4.89306610e-01  4.12952336e-01 -3.07825382e-01  9.77250820e-01
   2.18014304e-02  1.19145030e+00 -3.51871996e-01  1.06138285e+00
  -3.08103747e-01 -9.95125200e-01 -5.32914269e-01 -6.62070649e-01
  -4.88593446e-01 -4.12474979e-01  6.89333042e-01 -1.73454748e-01
   1.28602372e-01  1.53469714e+00  6.06681237e-01 -9.23304647e-02
  -1.26246231e-01 -4.49988950e-01  8.00913728e-02 -9.52937467e-01
   8.61320364e-03  8.17079918e-01 -6.02535496e-01 -1.45375533e+00
  -6.08535775e-01  3.52277224e-01 -2.40733360e-01  5.63662541e-02
   3.76736619e-01 -2.91700287e-01  7.12568301e-01  2.86240654e-02
  -6.60984819e-01  6.84132176e-02  5.72517541e-01 -9.64415720e-02
   1.38798089e+00  2.73357996e-01 -9.50255831e-01  2.67664209e-01
  -1.27434061e+00  5.90763324e-01 -1.51287407e+00  1.88418767e+00
   4.16077555e-01  6.58012966e-01  6.68115148e-01 -5.49860252e-01
  -1.52660705e-01  6.73709431e-01  3.08761932e-01 -9.81625112e-01
   1.22255092e+00  1.57560268e-01  8.32962116e-02  8.26972516e-02
  -7.02104727e-01 -1.83515061e-01  7.44033328e-01  2.92407559e-01]]

After cycle of encoding-decoding:
Cc1ccc(-](=OC(NC(=O)Nc3ccccc32)cc1

Properties [qed, SAS, logP]:
[0.72313255 2.4103725  3.1467233 ]


Was:
CN(Cc1ccc2c(c1)C(=O)CC2)C(=O)OC(C)(C)C

Encoded:
[[ 0.52564427  1.07845769 -0.37514812 -0.13049529  0.32525243 -0.35543803
  -0.51762484  0.67389228  0.13773793 -0.86184809 -1.00883467 -1.05060285
  -0.31298863  0.56584949 -1.08063928  0.90107881 -0.78559911  1.30341529
   0.94703982  0.15999318  1.23144286  0.12419008 -0.39040695  0.66617471
  -0.65701962  0.12038815  0.22202498  1.27593389  0.78371177  0.73058559
   0.03051991 -1.52519731 -0.95559695  0.22292367  1.54093943  0.15765694
  -0.61394805 -0.3975546   0.00972417  0.66151583 -0.22559947 -1.90156159
  -1.81103909  0.69416262 -0.5398712  -1.61759217 -0.34305335  1.43002874
   2.28161338 -2.79135595 -0.9232225  -0.06579301  0.39012908 -1.48778222
  -0.54350871  0.59299817  1.02764168 -1.41290461  0.19795457 -1.77793296
   0.2428817  -0.78995964  1.32799827  0.71573721 -0.84583653  0.95196839
  -0.15508289 -0.52019065 -1.28909779  1.37509984 -0.76402079 -0.1301851
  -0.07729995 -0.4113362  -0.08784562  1.25030165  1.23506483  1.14597212
   1.00425563 -0.1431774  -0.64978363 -0.12851793 -1.09199003 -0.69012685
   1.12689386 -0.36174393 -0.5020238  -0.71726202  1.43051263  1.66575368
   0.46571419 -1.16265     0.28436259 -0.1273923  -2.48147215 -1.24599025
   1.72950387 -0.52290672 -1.31481185  0.76395474 -0.31235568  0.73636979
  -0.73690851  1.13884037 -1.36800342 -0.903522    0.30504996  1.82332912
  -0.18491523 -0.08463559 -1.49003655 -0.7395859   0.82841107  1.42926303
   0.782029   -0.84621934  0.57606171  0.73492775  0.26320073 -0.52250667
  -1.02012189 -0.29428234 -1.02193339 -1.7535374  -0.02063876 -1.47041017
  -0.14209212 -0.56294593 -1.29609053 -1.03540817  0.72287908  1.29379707
   0.41785363 -1.26895573 -1.28529703  1.10719982 -0.93922091 -1.04252535
  -1.36527503  1.34338596 -2.38444158  0.12108787  1.94001322 -0.30081438
   0.03012162 -0.69128696 -1.59661435  1.39196774  0.53278202 -0.11422503
  -0.13292479  0.77765596 -0.36431113 -0.52463012 -0.16418581  0.16434945
  -0.39436347  0.62668489 -0.75557099 -0.7069036  -0.77358784 -1.41803266
  -0.25117995 -1.16798847 -2.15274735  1.54737605  0.01492028 -0.07496212
   0.10250031  0.95809711 -0.32195551  0.42734394 -0.38976803  0.29287579
  -0.32467099 -0.23669186 -0.55016947  0.79712969 -1.93114972  0.45133376
  -0.17523738 -0.52297618 -0.77484913 -0.42936487  0.77312608 -0.20151123
   0.76292228 -1.51752856  0.4219451   0.14155263 -1.47931825 -0.2248588
   0.61457595 -0.19042201  0.08101698 -0.4366019 ]]

After cycle of encoding-decoding:
CN(C)cccc2c(c1)C(=O)CC@)C(=O)OC(C)(C)C

Properties [qed, SAS, logP]:
[0.81158835 2.2198553  2.4382763 ]


Was:
COC(=O)C1CCC(Oc2ccc(NC(=O)C(=O)NN)cn2)CC1

Encoded:
[[-1.22019429e+00 -6.43531118e-01 -2.26058450e-01 -2.25881839e-01
   1.00999803e+00  9.42806288e-01  8.87902675e-01  1.87699816e-01
  -7.63251145e-01  1.34271311e+00 -6.47170399e-03  1.90331882e-01
   1.11585952e+00 -8.40576595e-02 -9.76019647e-01 -4.15752257e-01
   1.79160833e-01 -1.05762662e+00  1.47185686e+00 -1.35683474e-01
   3.91354272e-01 -5.80195200e-01 -1.57848792e+00 -3.13726889e-01
   1.84453642e-01  7.91903677e-01  1.41169578e+00  8.72484173e-01
  -1.23614569e+00  1.71912365e-03  1.13130140e+00 -4.91092836e-01
   1.24311977e-01  9.77624341e-01  1.15079137e+00 -1.37789616e+00
  -1.35584476e+00 -7.59712972e-01 -1.13148186e+00  2.73929779e-01
  -6.65928344e-01  3.92100612e-02 -2.28373375e-01 -8.85336096e-02
   2.30329400e-02 -1.48770819e+00  7.16420857e-01 -7.75947472e-01
  -8.77188964e-01 -2.83270361e-01  5.31105488e-02  7.17890231e-01
   5.01478750e-01  1.37099134e+00 -1.83638207e-01  8.42842751e-01
  -2.00875749e+00 -9.52201744e-01  7.78919001e-01 -1.05420911e-01
   1.31257136e+00 -5.50109948e-01  7.06598514e-02  4.27249222e-01
  -6.22851240e-02 -1.06196748e+00 -2.11774695e-01  1.29966643e+00
   2.67347128e+00  1.15874064e-01 -6.40837274e-03 -1.28563593e+00
   5.98242226e-01  3.15692116e-01 -5.82580659e-01  6.73326651e-01
   1.25203368e+00 -1.03664520e+00 -3.66483292e-01 -5.64715017e-01
   1.12932263e+00 -4.37372114e-01  5.37677824e-02  7.96787592e-01
   4.30449632e-02 -8.98760340e-01 -6.68778020e-01  1.27869382e+00
  -2.73620714e-01  3.03277219e-01  3.10537045e-03 -1.50888376e+00
  -9.89916421e-02 -4.03896852e-01  4.52420992e-01  7.93648729e-01
  -1.88951438e+00  7.24291147e-01 -8.00224184e-01 -7.32630936e-01
   8.04485561e-01  8.31465155e-01  1.27323207e+00  8.64853133e-01
  -2.06830025e-01  6.94958298e-01 -8.00490636e-01 -5.24738594e-01
  -2.01526044e+00 -3.03688933e-01 -7.77780764e-01  2.38966013e+00
  -1.13109161e+00 -8.66833758e-02 -1.42585925e-01 -1.12703260e-01
  -3.54686665e-01  4.23225434e-01  9.45260317e-01 -2.22589650e+00
   6.25203709e-01 -1.22582955e+00 -2.02541616e+00 -4.02903996e-01
  -9.61066252e-01  8.45822478e-01  1.74685229e-01 -5.80714096e-01
   5.28199180e-02  9.76711731e-01 -1.02411468e+00  1.69968599e+00
   7.59837939e-02 -9.23435068e-01  1.44331479e+00  1.83465709e+00
  -6.10347310e-01 -1.06489798e+00 -1.87121790e+00 -8.63474076e-01
   6.16200810e-01  8.79950717e-01 -1.10180356e-01  3.30016976e-01
  -5.59680199e-01 -1.03483888e+00  8.08765577e-01 -3.30437356e-01
  -7.72379276e-01  2.29994544e-01  6.38972522e-01  4.42794114e-01
   9.76903162e-01  1.40006088e+00 -2.72489682e+00 -3.88663275e-01
   5.59198600e-01  3.60870400e-01  1.18588998e+00  1.22146071e-01
   8.02427044e-01 -2.51079361e-01  1.08080639e-01  3.32628158e-01
   3.08836397e-01 -2.00819403e+00 -1.75206609e+00  2.78578585e-01
   2.94564671e-02 -2.47384329e-01  9.94598358e-01 -1.58102001e+00
   5.43016073e-01 -7.33891266e-01  4.21779416e-01 -7.92106685e-01
   1.26845547e+00  3.20080843e-01  1.11193610e+00  1.25752765e+00
  -4.01368088e-01 -1.45605813e+00 -3.22074188e-01 -1.25894905e+00
   6.70325711e-01 -8.45051424e-01 -4.13546859e-01  6.86904384e-01
  -1.12284126e+00 -1.22919941e+00 -5.01564880e-02 -3.63196461e-01
   7.95188025e-01 -1.46771355e-01 -1.61848529e+00 -9.90493481e-01]]

After cycle of encoding-decoding:
COC(=O)C1CCC(Oc2ccc(NC(=O)C(=O)N=C)n2)CC1

Properties [qed, SAS, logP]:
[0.7531525  2.4784982  0.05034626]


